18954 13415 1
12028 18601 18
12028 9947 3
12028 18740 2
9831 3471 2
9831 25543 8
9831 27403 3
19886 15039 6
16778 7918 2
16778 15091 208
16778 23056 57
16778 20767 2
16778 19730 16
16778 26590 2
16778 11298 9
16778 21245 2
16778 27580 2
16778 20901 13
16778 15196 1
16778 2263 3
16778 27484 1
16778 12245 1
16778 5675 1
16778 13812 1
16778 24562 18
16778 21280 831
16778 2642 2
16778 25207 1
16778 9005 2
16778 2017 1
16778 14714 2
16778 13777 18
16778 17061 3
16778 10996 1
16778 590 1
16778 7312 1
16778 21718 1
16778 13989 5
16778 26019 1
16778 18921 3
16778 1894 3
16778 2088 1
16778 13682 1
16778 21449 2
16778 27238 1
16778 3579 2
16778 3474 1
16778 8869 23
16778 16208 1
16778 17487 4
16778 8523 2
16778 20353 1
16778 19568 6
16778 9831 1
16778 4492 2
16778 9604 7
16778 19986 3
16778 15642 1
16778 15039 1
16778 10539 12
16778 27743 4
16778 19943 3
16778 13401 1
16778 16740 13
16778 2331 1
16778 5666 5
16778 4194 2
16778 11415 180
16778 24074 2
16778 17199 3
16778 6898 10
16778 16169 2
16778 2443 1
16778 24851 2
16778 7104 7
16778 18638 4
16778 18607 19
16778 23369 1
16778 22808 19
16778 6445 4
16778 14421 2
16778 14450 4
16778 27351 1
16778 24227 9
16778 1236 12
16778 22380 4
16778 10374 3
16778 212 1
16778 17493 2
16778 5920 1
21171 27321 2
21171 7536 2
21171 4329 1
21171 1236 2
6854 6251 4
6854 16432 1
6854 20936 4
6854 26905 4
6854 7813 1
1572 24322 39
10374 4429 5
3579 10583 1
3579 14450 143
3579 24591 1
3579 239 1
3579 20641 1
3579 22685 1
3579 20086 1
3579 15039 9
3579 13401 12
3579 8748 6
3579 6251 2
3579 5749 1
3579 16169 19
3579 4329 6
3579 18783 11
3579 15292 4
3579 11223 18
3579 1903 17
3579 2651 8
3579 24290 3
3579 3960 15
3579 2689 1
3579 13010 1
3579 11734 1
3579 1399 1
3579 6352 2
3579 11256 2
3579 6671 1
3579 17036 2
3579 24227 1
3579 9232 5
3579 20767 1
3579 16554 4
3579 19277 3
3579 3791 1
3579 16002 6
18789 15039 1
18789 1206 4
18789 2256 1
17199 11415 2
17199 2689 1
17199 11811 2
17199 18607 1
17199 9604 3
17199 13401 2
17199 8588 2
17199 15039 8
17199 21846 12
17199 11223 29
17199 4167 1
17199 27484 1
17199 17796 3
19568 21754 6
19568 24122 1
19568 17061 1
19568 21171 1
19568 24851 2
19568 16540 3
19568 9926 1
19568 12916 2
19568 18050 1
19568 13209 12
19568 23755 4
19568 24019 2
19568 27745 3
19568 19943 6
19568 7048 1
19568 7312 1
19568 8347 4
19568 6854 4
19568 3579 4
19568 18581 1
19568 8869 113
19568 81 49
19568 16208 1
19568 3325 1
19568 14157 3
19568 2482 58
19568 18767 7
19568 13989 1
19568 2438 1
19568 14743 1
19568 27962 1
19568 7104 70
19568 22772 1
19568 9947 8
19568 1894 5
19568 19826 1
19568 1955 4
19568 4637 2
19568 21028 3
19568 5061 16
19568 18789 1
19568 16749 2
19568 10996 2
19568 24290 2
19568 13682 2
19568 15639 6
19568 4647 5
19568 24322 8
19568 2088 2
19568 14657 1
19568 21139 1
19568 22810 1
19568 7245 1
19568 27484 1
7312 16740 4
7312 15642 5
7312 18419 2
7312 1955 10
7312 8748 1
7312 21532 1
7312 15039 1
7312 14138 1
7312 24266 1
7312 19886 1
7312 239 1
7312 18740 1
7312 2651 1
7312 15883 1
7312 3579 6
7312 24005 1
7312 4406 2
7312 17474 31511
7312 13401 10
7312 10056 2
7312 16230 10
7312 14450 2
7312 24290 21
7312 5749 1
7312 6854 2
7312 10298 1
7312 15670 2
7312 18789 2
7312 9259 2
7312 7549 1
7312 16169 4
7312 7919 1
7312 18581 1
7312 1903 1
7312 3005 3
7312 10374 3
7312 19730 8
7312 1944 1
7312 9482 3
7312 844 1
7312 8588 1518
7312 6948 3
7312 8869 3
7312 7245 2
7312 4329 3
7312 13867 1
7312 4492 1
7312 8015 14
7312 24956 12618
7312 18940 6302
7312 8347 1
15792 22252 2
15792 15039 23
15792 21449 3
15792 24851 1
15792 14450 2
24290 16307 2
24290 2368 2
24290 18419 2
24290 7312 6
24290 13313 1
24290 24005 2
24290 16230 2
24290 7549 16
24290 23273 3363
24290 25504 2
24290 9259 2
24290 14148 2
24290 25230 1
24290 8078 2
24290 16749 8
24290 4329 2
24290 6854 4
24322 1572 1
24322 6946 1
7939 2689 1
20901 18740 1
4406 7245 1
4406 9256 2
4406 13682 8
4406 15642 2
4406 11026 2
4406 8748 2
4406 24956 10206
4406 5749 2
4406 1399 1
4406 10298 2
4406 24122 2
4406 4167 1
4406 24290 41
4406 5061 2
4406 15039 1
4406 13401 11
4406 17474 15560
4406 14645 1
4406 4405 1
4406 2602 2
4406 11415 4
4406 8588 1805
4406 20641 2
4406 18740 2
4406 3833 6
4406 21532 1
4406 11223 3
4406 8347 2
4406 21280 1
4406 7312 6303
4406 15792 2
4406 14743 4
4406 16169 4
4406 10695 1
4406 15101 2
4406 9259 2
4406 16424 6
4406 6948 16
4406 16208 2
4406 19568 45
4406 6854 9
4406 12305 4109
4406 16778 2
4406 11241 1
4406 3579 17
4406 7919 2
4406 13779 3
4406 24440 10
4406 16002 2
4406 7587 2
4406 24989 2
4406 14450 12
4406 16749 2
4406 20828 3
4406 2269 6
4406 18581 1
4406 23654 2
4406 6251 1
4406 18829 4
4406 6428 10
4406 13679 2
4406 1894 2
4406 25504 4
4406 8064 10
7048 24322 6
7048 131 3
2482 3705 1
2482 24322 1
2482 18593 6
2482 9947 1
2482 18740 11
2482 24975 3
2482 22594 10
18581 9259 2
18581 24290 10
18581 10695 2
18581 11415 8
18581 18313 1
18581 13401 1
18581 6943 4
18581 1903 5
18581 27403 1
18581 5588 2
18581 15036 1
18581 17199 1
18581 19788 2
18581 21360 4
18581 16391 3
18581 13313 1
18581 6428 7
18581 8064 2
18581 16554 6
18581 16002 2
18581 2269 2
18581 11026 1
18581 12305 1
18581 7312 3
18581 3579 2815
18581 14450 2
18581 6854 4
1955 25543 6
1955 16702 3
1955 20121 2
1955 3491 2
11026 1539 1
11026 13779 2
11026 18978 1
11026 12828 2
11026 14585 208
11026 20759 2
11026 913 472
11026 3791 7
11026 5431 4
11026 9154 1
11026 12194 932
11026 18138 1
11026 27294 225
11026 21254 30
11026 16355 5
11026 21058 1
11026 3020 22
11026 4451 2
11026 3005 9
11026 27421 1
11026 12355 56
11026 26506 1
11026 3221 1
11026 13868 179
11026 20278 539
11026 10367 2
11026 25664 1
11026 14348 2
11026 26640 7
11026 3291 928
11026 19005 3
11026 16002 16
11026 14138 10
11026 23428 25
11026 239 1
11026 5169 1
11026 22642 3
11026 17493 3
11026 17036 249
11026 12598 6
11026 12583 11
11026 18114 2
11026 10005 1
11026 2211 9
11026 4137 1
11026 11298 2
11026 13223 905
11026 6756 22
11026 14947 1
11026 17398 3
11026 10706 1
11026 10509 2
11026 7904 4
11026 1236 1
11026 19730 2
11026 14438 114
11026 953 8
11026 12761 2
11026 13010 1
11026 11715 1559
11026 3502 2
11026 22106 2
11026 11277 1
11026 12599 10
11026 6251 723
11026 5281 1
11026 19591 2
11026 19658 18
11026 2958 8
11026 27321 2
11026 25468 1
11026 19744 1
11026 16208 17
11026 1224 90
11026 10155 2
11026 373 1
11026 16855 4
11026 6352 24
11026 20172 5
11026 11811 1
11026 9342 41
11026 22563 2
11026 1952 14
11026 25618 570
11026 17818 1468
11026 2263 13
11026 11175 157
11026 26512 57
11026 543 1
11026 10298 8
11026 4959 1
11026 21437 106
11026 2651 14
11026 10837 1
11026 6480 35
11026 24926 1
11026 24854 2
11026 1360 3
11026 14341 2
11026 383 28
11026 24658 5612
11026 14532 1
11026 2216 14
11026 24290 4
11026 10174 1
11026 22789 36
11026 17318 1
11026 24591 1
11026 9838 2
11026 23936 35
11026 25449 46
11026 27278 344
11026 1399 5
11026 5920 2
11026 23486 1
9482 8910 2
9482 19666 1
9482 6047 2
9482 11223 2
9482 1903 1
9482 2689 1
9482 2651 1
9482 19730 14
772 21532 7
772 9831 2
772 3785 7
772 17474 7
772 6854 7
15642 13710 3
15642 8748 1
15642 21254 5
15642 9947 4
16169 2655 1
16169 17199 33
16169 22735 6
16169 6854 2
16169 13320 10
16169 19928 3
16169 13779 1
16169 777 2
16169 17796 2
16169 1360 16
16169 11026 3
16169 16749 3
16169 14148 6
16169 9529 1
16169 25504 17
9604 14645 3
9604 4194 3
9604 18767 3
9604 19986 3
9604 7919 3
9604 21449 3
9604 24562 3
9604 12245 3
9604 25504 858
9604 564 3
9604 18921 3
22913 18218 7
22913 2190 1
22913 1670 7
22913 21028 7
22913 20952 1
22913 22810 42
22913 13387 6
22913 19943 17
22913 27570 2
22913 6328 2
22913 11471 3
22913 23855 2
22913 2263 1
22913 27831 24
22913 1844 4195
22913 14157 1
22913 9825 7
22913 10374 14
22913 16208 4
22913 20454 1
22913 24456 2
22913 2434 1
22913 5802 8
22913 13032 1
22913 1730 1
22913 14364 2
22913 12028 7
22913 12474 1
22913 20074 2
22913 25282 7
22913 21171 2
22913 14743 1
22913 4194 1
22913 17968 1
22913 20547 8
22913 24080 12
22913 1725 8
22913 18549 17
22913 1975 1
22913 7312 1
22913 11298 9
22913 24989 29
22913 12606 7
22913 25543 8
22913 16540 8
22913 11659 8
22913 3579 1
22913 12245 10
22913 18581 1
22913 9947 4193
22913 27025 2
22913 27906 1
22913 23470 8
22913 1903 1
22913 24990 3
22913 13209 40
22913 7919 1
22913 17176 41
22913 18593 1
22913 7441 1
22913 4647 21
22913 2655 7
22913 27124 16
22913 1636 2
22913 26767 7
22913 19986 2
22913 11140 1
22913 770 2
22913 12949 2
22913 1924 3
22913 16224 87
22913 15047 1
22913 27689 7
22913 13908 1530
22913 27917 7
22913 21840 1
22913 19730 2
22913 7048 14
22913 18789 26
22913 26937 1
22913 27745 2214
22913 7587 1
22913 6243 7
22913 4244 7
22913 875 1
22913 7559 7
22913 24322 1
22913 13033 1
22913 8869 15
22913 13228 22
22913 7825 2
22913 16702 1
22913 25912 7
22913 2482 122
22913 15406 1
22913 9831 11
22913 27941 23
22913 11764 7
22913 7883 1
22913 18740 16
22913 4959 1
20353 16855 1
20353 13853 4
2263 15406 2650
2263 14714 2
2263 21244 2
2263 13908 5
2263 12245 3
2263 9604 9
2263 25840 1
5396 15940 20
14157 9141 3
13228 212 1
20952 18740 5
20952 13826 3
20952 1399 1
20952 5920 5
20952 1206 2
27745 6328 18
27745 16540 2124
27745 9825 412
8869 15602 1
8869 212 1
8869 21718 18
7549 11811 2
7549 14450 2
7549 24290 2
7549 349 1
9947 16959 5
9947 27745 124
9947 10374 1
9947 1725 1
9947 1307 2
9947 16702 3
9947 17176 1
9947 14157 18
9947 9482 1
9947 25892 2
9947 22190 2
9947 19892 1
9947 16540 71
9947 2602 2
9947 11764 1
18740 11811 4
18740 14585 10
18740 15469 5
18740 4866 18
18740 1590 5
18740 26767 5
18740 7813 1
18740 9640 4
18740 10374 1
18740 8388 2
18740 2109 2
5920 6403 4
5920 10374 1
5920 13415 1
5920 18954 7
5920 27664 1
5920 18740 1
5920 6193 1
5920 2651 1
5920 20952 5
5920 1206 3
10263 14827 1
18921 1236 6
18921 12706 1
18921 21280 2
18921 12606 2
18921 2088 3244
18921 17199 1
18921 11298 5
18921 16778 3
18921 8717 1
18921 21139 2
18921 10298 2
18921 26616 6498
18921 15406 3
18921 7976 4
18921 16208 3
18921 23906 3
18921 2583 2
18921 11000 2
18921 22380 2
18921 2331 1
18921 23616 13
18921 10901 2
18921 11890 3
18921 21718 2
18921 11415 2
18921 11241 1
18921 27333 1
18921 19986 8
18921 10996 15
18921 27580 2
18921 27484 1
18921 9482 2
18921 8869 2
18921 14138 1
18921 3579 5
18921 23056 9
18921 14657 1
18921 16540 1
18921 12641 2
18921 24122 4
18921 19730 7
18921 17061 1
18921 21083 1
18921 6193 1
18921 21449 1
18921 538 2
18921 951 4
18921 26042 5
18921 18767 14
18921 13989 4
18921 20353 1
18921 19853 1
18921 18607 1
18921 15642 1
18921 9232 1
18921 20767 2
18921 17858 1073
18921 16230 1
18921 2642 5
18921 2017 1
18921 3587 1
18921 22488 4
18921 21354 2
18921 7104 13
18921 3130 1
18921 21245 1
18921 23396 2
18921 14868 1
18921 5394 1
18921 27695 1
18921 5744 4
18921 6818 2
18921 27743 5
18921 2002 1
18921 7918 4
18921 1894 21
18921 7312 1
18921 6879 1
18921 21609 4
18921 16740 3
18921 15792 1
18921 23004 1
18921 18789 3
18921 22756 2
18921 17965 8
18921 24802 6
18921 590 1
18921 19886 2
18921 1253 1
18921 6605 2
18921 24308 1
18921 23369 2
18921 18150 2
18921 11939 582
18921 5666 2
18921 37 2
18921 24074 1
18767 20573 1
16749 6251 2
16749 16169 2
16749 1301 1
16749 14450 15
16749 13401 4
16749 4405 2
16749 8748 4
16749 15292 1
16749 18940 10
16749 15039 1
11298 16208 2
11298 21449 2
11298 18549 4
11298 20799 1
11298 19943 10
11298 7104 7
11298 17061 244
11298 1894 2
11298 18763 3
11298 9604 1
11298 8869 1
11298 10298 2
11298 18767 27
11298 23369 1
11298 3579 2
11298 16778 2
11298 6854 1
11298 19986 5
11298 21254 1
11298 2862 1
11298 24332 3
11298 18607 3
11298 20454 1254
11298 16740 1
11298 18921 13
7587 3436 1
7587 10374 2
7587 3579 3
7587 18419 2
7587 6854 1
7587 12353 4
7587 19943 1
7587 16749 2
7587 27225 2
7587 14743 2
16540 20074 2
16540 11659 6
16540 16702 32
16540 9141 4
16540 6879 7
16540 21631 1
1844 9825 24
1844 1975 8
4194 20443 1189
4194 20828 1
4194 12606 1
4194 19986 1
4194 15406 1
4194 20952 4
4194 12641 1
4194 9640 1
4194 12245 1
4194 11471 17
4194 14645 9
4194 7104 1
14645 17398 2
14645 19768 1
14645 14585 2
14645 4803 3
14645 5497 968
14645 2482 1
14645 26040 1
14645 1952 8
14645 27294 1
14645 16778 1
14645 17818 2
14645 2128 1
14645 17061 1
14645 22505 1
14645 20759 2
14645 20901 1
14645 12641 22
14645 20952 1
14645 23369 2
14645 8036 2
14645 8854 1
14645 27484 1
14645 17777 4
14645 19892 1
14645 4194 2
14645 23654 1
14645 23056 2
14645 17874 2
14645 11241 2
14645 20742 1
14645 16208 1
14645 11471 16
14645 23480 3
14645 21691 1
14645 16424 4
14645 2211 1
14645 27092 1
14645 12245 2
14645 16690 1
14645 26937 2
14645 4140 2
14645 1894 1
14645 11779 2
14645 12949 3
19826 14713 101
19826 27034 1
12245 1236 1
12245 13387 135
12245 18829 2
12245 19839 2
12245 21631 1
12245 1903 16
12245 3091 2
12245 24227 4
12245 27092 3
12245 24377 1
12245 13682 2
12245 20046 2
12245 16169 2
12245 10509 52
12245 22913 3
12245 10298 1833
12245 26726 125
12245 2651 1
12245 12958 2
12245 11415 8
12245 19559 20
12245 2211 36
12245 16855 2
12245 6287 7
12245 5431 48
12245 21708 1
12245 18607 2
12245 4329 1
12245 22819 1
12245 15903 6
12245 20742 1
23654 20828 1
1924 7048 14
12641 12693 89
12641 12743 3
12641 1301 2
12641 17493 5
12641 11223 1
12641 19698 1
12641 11811 2
12641 4803 2
12641 13401 4
12641 17398 2
12641 3020 2
12641 6287 6
13209 20074 2
13209 27745 2119
13209 212 1
13209 22256 4
13209 24975 3
13209 14157 4
13209 18593 3
12949 3020 3
12949 6287 32
12949 20571 2
12949 23428 1
12949 21631 7
12949 27689 7
12949 8668 2
12949 7587 4
12949 12641 22
12949 11471 20
12949 11764 4
12949 11443 3
12949 24080 9
12949 11846 2
12949 15047 17
12949 27484 5
12949 13033 1
12949 17874 1
12949 14157 1
12949 2038 2
12949 20641 4
12949 26571 2
12949 20454 44
12949 18767 2
12949 13515 14
12949 17777 1
12949 17343 3
12949 951 1
12949 415 46
12949 10423 4
12949 22913 14
12949 23099 8
12949 12389 11
12949 2368 2
12949 20908 49
12949 14645 46
12949 24769 6
12949 6136 3
12949 15406 1
12949 15639 1
12949 1572 5
12949 10374 8
12949 19943 42
12949 25535 6
12949 12353 11
12949 2482 6
12949 17476 12
12949 12245 88
12949 17985 3
12949 11356 1
12949 6986 10
12949 20443 5
12949 16625 14
12949 16540 25
12949 26616 1
12949 5431 1
12949 8104 13
12949 18419 11
12949 9871 7
10298 12245 11
10298 5920 12
10298 23001 1
10298 25878 1
10298 6403 2
10298 13853 4
10298 8884 1
10298 777 1
10298 20952 1
10298 13320 1
10298 24926 1
10298 2016 12
10298 19730 3
10298 17493 2
10298 14743 16
10298 2211 1
10298 22603 1
10298 8748 1
10298 3579 4
10298 21999 1
10298 18954 3
10298 25395 12
10298 9256 1
10298 9746 1
10298 1894 1
10298 2651 1
10298 9831 1
10298 1465 1
10298 4406 2
10298 13228 3
10298 16230 1
10298 14157 2
10298 5255 3
20767 19886 1
20767 6589 1
20767 16540 6
20767 37 1
20767 23616 8
20767 13750 1
20767 4194 1
20767 18767 14
20767 27743 4
20767 18549 1
20767 7919 1
20767 16787 1
20767 22488 1
20767 24308 1
24080 3699 1
24080 20172 5
24080 16554 2
24080 9563 12
24080 23916 1
19986 20353 1
19986 15039 1
19986 19730 1
19986 13777 16
19986 11223 1
16702 1725 32
16702 10374 32
19943 8748 1
19943 13387 2
19943 21718 2
19943 212 2
19943 24227 1
19943 24080 2
19943 22810 2
19943 920 2
19943 5749 1
19943 15727 2
19943 450 2223
19943 9482 3
19943 6377 2
19943 5744 2
19943 20547 2
19943 21449 1
19943 3351 624
19943 27745 1
19943 4866 2
19943 12304 4
19943 26616 1
19943 24998 2
19943 20742 1
19943 20801 2
19943 18767 2
19943 15406 1
19943 15049 2
19943 15700 20
19943 15642 6
19943 24456 4
19943 517 2
19943 6879 2
19943 25230 2
19943 17777 18
19943 7825 4
19943 20952 1
19943 8318 2
19943 27906 5
19943 9947 1
19943 11359 2
19943 2482 4
19943 5431 2
19943 22256 1
19943 1307 2
19943 4480 2
19943 20353 1
19943 16208 2
19943 17273 2
19943 23906 2
19943 1955 1
19943 14743 5
19943 22655 2
19943 10754 2
19943 12673 2
19943 24268 12
19943 8595 1
19943 12828 1
19943 12462 2
19943 21171 1
19943 8983 2
19943 6600 1
19943 3850 1
19943 4647 2
19943 20454 9
19943 3579 3
19943 7665 2
19943 25282 7
19943 19178 2
19943 15047 1
19943 16540 31
19943 2128 1
19943 14157 14
19943 27689 2
19943 11118 2
19943 6295 1
19943 21691 5
19943 23923 3
19943 3018 2
19943 27484 11
19943 6974 2
19943 23206 1
19943 12606 7
19943 10374 2
19943 13867 1
19943 16740 2
19943 7919 1
19943 20522 2
19943 23755 3
19943 10732 1
19943 23689 1
19943 18549 2
19943 11298 2
19943 25535 1
19943 16855 1
19943 21635 2
19943 10174 1
19943 18740 2
19943 7587 1
19943 13209 9
19943 18607 2
19943 2583 1
19943 11659 2
19943 12194 1
19943 20077 2
19943 131 2
19943 1975 2
19943 8084 5
19943 25504 2
19943 27917 5
19943 25850 3
19943 23724 2
19943 17724 15
19943 17796 6
19943 7312 2
19943 8957 1
19943 1924 3
19943 18763 2
19943 81 2
19943 19986 2
19943 19730 1
19943 7559 41
19943 9831 1
19943 11662 2
24562 17199 1
24562 10539 15
10509 2689 1
10509 12245 80
10509 4492 2
10509 20522 1
10509 1924 1
10509 27664 2
10509 2482 8
10509 24989 7
10509 23470 4
10509 27831 2
10509 27221 4
10509 16690 4
10509 22839 2
10509 7665 6
10509 2655 1
10509 5802 4
10509 27225 2
10509 3471 4
10509 18763 2
10509 24016 8
10509 24080 2
10509 23006 4
10509 18218 4
10509 13023 2
7104 13777 2
25543 14869 3
25543 9831 2
25543 7245 3
25543 1955 6
22969 23702 2
3351 5345 1
8015 7939 3
8015 11826 6
8015 14743 20
8015 777 12
8015 7312 7
8015 23724 3
8015 9831 4
8015 16208 11
8015 16230 2
8015 3840 2
8015 7245 361
8015 21645 1
12583 23923 1
12583 12673 1
12583 22256 1
12583 21994 1
12016 16639 4
22037 9529 5729
22037 8078 5729
22037 8388 8
22037 16169 2
22037 25504 1
22037 16749 1
22037 18940 1
22037 7256 5731
22037 3604 6
23428 13515 7
23428 3020 4
383 3824 4
26512 27355 57
26512 777 60
26512 2910 4
18978 19800 2
12096 25663 1
21254 27962 4
21254 19826 4
21254 24080 4
21254 27689 4
21254 5920 5
21254 11298 1
21254 27311 13
21254 469 5
21254 1955 12
21254 13593 12
21254 3005 5
21254 16208 4
21254 20706 6
21254 3579 15
21254 19892 4
21254 10056 22
21254 25504 4
21254 9154 4
21254 18829 3
21254 14743 17
21254 19161 13
21254 8983 25
21254 25230 5
17398 6605 1
913 1360 54
14138 24554 1
14138 12477 2
14138 7104 1
14138 23543 4
14138 23004 1
14138 19986 1
14138 2088 2
14138 17199 1
14138 21244 1
14138 11140 1
14138 3579 6
14138 2190 2
14138 19886 1
14138 18767 7
14138 1975 1
14138 16208 31
14138 21139 1
14138 18789 5
14138 20952 1
14138 15606 8
14138 2002 2
14138 25504 3
14138 9232 1
14138 24659 4
14138 19943 1
14138 1894 1
14138 25613 1
14138 2263 1
14138 14743 16
14138 17858 1
14138 27745 2
14138 20742 1
14138 24562 5
14138 9482 6
14138 18740 1
14138 23519 2
14138 5744 1
14138 7549 1
14138 13908 2
14138 1955 4
14138 17243 1
14138 2368 26
1399 6193 1
1399 1975 1
1399 16540 1
1399 20328 2
13779 17141 1
13779 239 1
13779 22037 5729
13779 8078 450
13779 15883 1
13779 15039 1
13779 15292 1
13779 16169 2
13779 7256 450
13779 9529 450
13779 3604 450
13779 8388 450
13779 9141 6
13779 3960 2
3791 15792 1
3791 6756 1
3791 15036 1
20759 8534 4
20759 12099 19
20759 5220 19
20759 23442 1
20759 2053 2
10367 7179 1
10367 17796 1
3005 1894 9
3005 18829 2
23936 11026 1
8388 8078 20
8388 9529 4
8388 7256 4
25618 21244 1
5431 20742 1
5431 18740 1
5431 12028 1
5431 5101 6
5431 1844 2
5431 5345 1
5431 11471 1
5431 8104 1
5431 1597 1
5431 18114 2
5431 9871 1
5431 23414 1
5431 12245 20
5431 12305 1
5431 16424 2
5431 2494 2
5431 22505 1
5431 19532 1
5431 10374 2
5431 7048 1
5431 6756 1
5431 13826 1
24591 13846 1
24591 9529 1
27421 20656 48
27421 21244 4
27421 2602 46
14110 27273 2
14110 7245 1
14110 14743 2
14110 19527 2
14110 2861 2
14110 11175 1
14110 11298 1
11811 2482 10
11811 18740 2
11811 4194 2
11811 20328 2
3291 22563 2
3291 16355 5
3291 13223 2
27294 2655 1
27294 27311 5
27294 14610 1
27294 7845 2
27294 13720 1
27294 22594 2402
7904 7845 1
7904 5920 2
7904 12028 1
7904 12641 1
7904 13313 1
7904 5670 2
7904 1414 1
7904 6403 2
7904 26937 2
7904 17493 2
7904 24926 1
7904 1399 1
18419 26847 1
18419 11688 1
18419 16169 1
18419 18740 3
18419 12641 2
18419 15039 1
18419 6854 25
18419 19714 3
18419 4405 1
18419 8748 3
18419 19943 3
18419 10298 3
18419 22252 1
18419 3545 2
18419 22037 2
18419 349 1
18419 24290 2
18419 26905 4
18419 20828 2
18419 3181 5
18419 20936 1
18419 13401 7
18419 7813 1
18419 131 2
18419 3278 36
18419 9851 2
18419 17955 2
18419 27040 2
18419 14450 1
18419 16047 6
18419 17493 1
18419 12743 2
18419 13124 2
18419 19730 1
18419 21254 4
21437 6427 1525
21437 17874 8
21437 13720 1
21437 22594 1616
21437 7845 2
9342 13387 8
9342 212 1
9342 24227 3
9342 1419 4
9342 17398 1
16086 6600 53
16086 11890 1
16086 23470 1
16086 12245 1
16086 3181 5
16086 4194 1
16086 2655 2
16086 14743 104
16086 26343 1
2958 16047 6
24854 11317 1
24854 11175 1
24854 16540 1
24854 20977 1
24854 17796 1
24854 8718 1
24854 16887 3
24854 14311 1
24854 21674 1
24854 3579 1
24854 17255 2
24854 17199 1
24854 27273 3
24854 5408 1
24854 21999 1
2467 2368 5
17818 7256 2
17818 16208 27
17818 2368 2
17818 4167 2
17818 3579 6
17818 20952 2
17818 14148 2
17818 8388 2
11686 844 1
2211 17398 4
2211 25272 2
2211 15792 1
2211 27333 42
2211 16690 1
2211 13401 2
2211 14869 1
2211 1572 1
2211 22256 2
2211 2482 3
2211 24634 1
2211 19943 1
2211 1894 1
2211 14645 1
2211 12245 2
2211 23369 1
2211 16424 5
2211 26285 2
6352 26040 1
6352 8650 3
6352 21919 15
6352 182 2
6352 20927 1
6352 25193 1
6352 19477 1
6352 18319 1
6352 16208 10
6352 17036 1
6352 13838 1
14947 22445 3
24926 5920 2
24926 18954 2
24926 6403 3
24926 7104 1
24926 26616 2
24926 1894 4
24926 14157 2
2818 15429 2
17493 20952 6
17493 691 1
17493 1471 2
17493 2602 2
17493 21245 2
17493 2651 1
17493 5920 16
17493 5666 1
17493 6605 7
17493 27225 1
17493 9342 7
17493 27664 3
17493 11471 1
17493 10298 6
17493 9005 2
17493 9863 2
17493 3818 6
17493 18954 2
17493 8084 2
17493 11000 2
17493 1894 2
17493 10374 2
17493 7104 1
17493 26285 2
17493 6403 4
17493 6193 1
17493 2016 1
17493 561 7
17493 12606 1
17493 24926 3
17036 23004 12
1952 9947 2
1952 11471 8
1952 17528 147
1952 12641 2
1952 2168 8
1952 13209 2
1952 7048 2
1952 16690 2
1952 16540 2
1952 11764 2
1952 11726 574
1952 7904 2
1952 27689 6
1952 22237 4
1952 23442 1533
1952 8534 600
1952 20952 2
1952 20742 11
1952 27321 351
1952 12245 2
1952 5220 1410
1952 17476 2
1952 20759 142
1952 14645 2
1952 9831 8
1952 10374 32
1952 2482 4
1952 15852 485
1952 6193 2
1952 10727 2
1952 11026 2
1952 18740 2
1952 12099 1015
1952 12855 4
1952 17199 3
1952 2053 299
1952 21604 2
27278 22594 2
27278 14610 6
27278 7845 4
27278 7825 1
27278 27311 1
27278 6427 2292
27278 27225 1
27278 20901 9
27278 17874 14
27278 14645 1
27278 18740 7
19005 25155 2
19005 3267 3169
19005 7167 1
12761 11652 17
14757 13790 2
26640 16540 1
26640 19943 1
26640 2128 3
26640 15642 1
26640 6193 1
26640 2482 2
26640 24634 1
26640 1894 6
26640 3278 72
26640 9640 3
26640 17955 6
26640 18192 2
26640 12641 1
26640 6508 2
26640 9947 1
26640 1924 1
26640 14645 1
26640 26040 1
26640 11471 1
26640 17476 3
26640 24080 1
26640 18740 3
26640 11026 1349
26640 7939 2
26640 16554 1375
22642 6964 1
22642 20172 5
8078 9529 20
13010 14743 1
13010 4329 1
13010 4406 1
13010 1222 1
13010 8911 2
13010 12096 1
13010 5061 1
13010 25946 5
13010 3579 2
13010 6948 1
13010 19943 1
13010 5857 1
13010 20078 3
14585 6427 1
14585 27225 1
14585 22594 1315
14585 14610 2
14585 7825 1
2651 6403 1
2651 18940 199
2651 17199 1
2651 16397 1
2651 20952 1
2651 20828 1
16855 20901 1
16855 11471 1
16855 6508 6
16855 6183 2
16855 27403 3
12194 16690 2
12194 20328 934
12194 9831 2
12194 9344 1
12194 4140 1
4137 15540 1
4137 24512 1
4137 14389 1
4137 11175 1
4137 9691 1
3020 12353 4
3020 9344 1
3020 5843 2
3020 20353 1
3020 13515 7
3020 889 1
3020 23428 73
10706 1828 1
10706 13018 1672
10706 13957 1674
12828 13795 2
12828 22696 2
12828 24634 14
12828 12807 2
12828 5315 4
12828 2128 670
12828 11471 6
12828 16690 4
12828 12028 2
12828 9831 2
10837 25155 1
10583 25504 1
10583 11812 1
10583 3304 916
10583 14346 1
10583 11143 1
16002 21826 6
16002 15792 2
16002 16749 2
16002 11175 2
16002 19784 2
16002 17628 2
16002 7312 1
16002 9256 1
18138 2578 1
21058 1206 1
6943 18313 2
6943 20078 1
6943 1224 1
6943 3579 1
6943 10928 6
4329 7256 2
4329 21361 14937
4329 25504 1
4329 21532 1
4329 18419 1
4329 10509 1
4329 7549 1
4329 8777 9650
15039 16749 3
15039 1944 1
15039 25504 11
15039 25613 8
15039 1934 1
15039 15792 5
15039 7549 1
15039 4406 1
15039 17999 1
15039 23359 8
15039 16230 1
15039 4762 2
15039 18419 1
15039 17199 12
15039 25193 1
15039 21532 1
15039 3604 2
15039 14148 1
15039 9256 2
15039 3979 1
15039 7312 1
15039 1955 10
15039 2368 2
15039 15662 1
15039 20828 2
15039 24562 1
24851 13989 1
24851 15406 6
24851 21718 2
24851 1894 2
24851 7918 1
24851 20454 8
24851 8869 3
24851 25535 1
24851 9482 3
24851 5675 6
7245 777 2
7245 3840 4
7245 25543 3
7245 9831 3
7245 19840 1
7245 18581 7
7245 17255 2
7245 11826 1
7245 6295 1
7245 8215 1
7245 20641 1
7245 12305 51
7245 12194 1
7245 8015 11
7245 14743 2
7245 16554 2
7245 2263 2
7245 1224 2
7245 14869 1
7245 12475 1
7245 7267 2
7245 10374 8
20641 14869 12
20641 3858 3
20641 21171 6
20641 7048 6
20641 772 7
20641 23206 9
20641 16540 5
20641 3545 1
20641 23724 2
20641 25543 3
20641 11826 8
20641 2482 57
20641 13209 1
20641 9831 9367
20641 18740 4
20641 8439 1
20641 25535 2
20641 14157 3
20641 24016 2
20641 25207 1
20641 197 5
20641 4919 27
20641 21245 1
20641 2128 23
20641 10298 2
20641 844 2
20641 7587 1
20641 10291 2
20641 6295 3
20641 17476 3
20641 6600 7
20641 18767 2
20641 15792 10
20641 12641 1
20641 19730 2
20641 16778 1
20641 27689 1
20641 1572 2
20641 7536 1
20641 10727 1
20641 22772 5
20641 18921 1
20641 17968 1
20641 3772 10
20641 9604 1
20641 239 1
20641 10399 2
20641 7245 10
20641 23755 1
20641 14743 1
20641 14450 2
20641 4634 2
20641 7665 1
20641 16554 10
20641 21999 1
20641 13795 3
20641 8015 2658
20641 18270 3
20641 24080 2
20641 623 1
20641 15710 1
20641 1952 8
20641 8372 1
20641 1414 2
20641 12949 1
20641 11471 3
20641 1236 1
20641 12245 18
20641 15501 2
20641 9860 3
20641 19943 1
20641 21449 2
20641 18549 1
20641 24851 1
20641 15406 1
20641 16787 1
20641 10509 4
20641 5431 1
20641 1955 3
20641 18143 1
20641 16740 1
20641 19886 1
20641 19840 1
20641 3579 2
20641 3840 3041
20641 8869 2
20641 25504 1
20641 15036 2
20641 24989 4
20641 22913 1
20641 1944 3
20641 21073 1
20641 5882 1
20641 26616 5737
20641 15642 3
20641 8084 6
20641 6243 1
20641 19559 9
20641 14344 1
20641 20901 2
20641 7104 4
20641 19853 2
20641 6377 2
20641 12305 1
20641 16002 2
20641 1924 1
20641 23369 2
20641 9529 1
20641 17474 1
20641 18789 7
20641 13033 9
20641 2602 1
20641 14657 3
20641 17061 1
20641 15101 32
20641 12028 3
20641 14138 1
20641 7919 1
20641 5769 1
20641 22839 3
20641 2642 4
20641 25230 2
20641 9342 1
20641 20908 1
20641 11779 7
20641 19031 1
20641 27475 1
20641 24322 1
16740 17199 1
16740 11298 3
16740 18607 1
16740 20901 1
16740 9482 6
16740 23724 2
16740 14743 2
16740 27484 1
16740 18921 3
16740 14110 1
16740 24332 1
16740 1894 9
16740 6283 1
16740 1646 1
16740 15642 2
16740 16749 1
16740 17176 2
16740 12641 1
16740 24562 1
16740 19986 2
16740 11846 1
16740 2088 2
16740 21083 8
16740 18767 3
16740 17061 84
16740 12245 6
16740 16230 2
16740 15032 5
16740 18549 3
16740 20454 4
16740 13682 1
16740 3579 7
16740 7883 5
16740 10298 2
16740 14645 4
16740 8884 1
16740 4444 2
16740 26616 1
16740 19943 6
16740 13607 2
16740 5394 1
16740 11415 1
16740 1251 33
16740 25776 1
16740 8869 1
16740 7312 2
16740 2862 11
16740 6451 1
16740 1554 1
16740 2002 3
16740 7048 1
16740 7104 6
16740 26040 2
16740 16208 1
16740 17858 2
16740 14830 1
16740 21139 1
16740 12462 1
16740 21449 2
16740 25535 1
16740 16572 1
16740 11939 3
16740 26640 1
7918 6460 1
7918 27580 1
7918 2017 1
15091 17968 1
15091 24655 1
15091 10509 1
15091 2438 1
15091 2331 3
15091 37 10
15091 24322 1
15091 6818 2
15091 17061 1
15091 1894 60
15091 27351 1
15091 7104 11
15091 10996 2
15091 6946 1
15091 19730 2
15091 26616 1
23056 19730 1
23056 16778 25
23056 24227 5
23056 5100 2
23056 22256 2
23056 13387 2
23056 22037 2
23056 2263 2
23056 16740 2
23056 18921 4
23056 18607 1
23056 2689 1
19730 8869 2
19730 17199 4
19730 15036 1
19730 16424 642
19730 13209 2
19730 14743 1
19730 9482 9
19730 25613 1
19730 7104 2
19730 6637 4
19730 27837 1
19730 14157 1
19730 21280 824
19730 25207 1
19730 18921 1
19730 11026 1
19730 23056 1
19730 10298 2
19730 11298 1
19730 15091 201
19730 16778 2
19730 13682 59
19730 18419 1
19730 12606 8
19730 7312 4
26590 99 2
21245 1471 2
27484 3791 1
27484 20767 16
27484 17199 2
27484 14450 2
27484 13940 1
27484 13401 2
27484 5431 2
27484 21718 3
5675 5271 1
21280 12245 4
21280 17528 1
21280 23369 1
21280 1894 3
21280 6637 1
21280 19892 2
21280 13682 14
21280 9831 1
21280 3579 14
21280 16230 1
21280 8347 1
21280 18581 2
21280 21139 1
21280 561 2
21280 9482 319
21280 25504 1
21280 23855 1
21280 1952 1
21280 14743 2
21280 4406 2
21280 16749 1
21280 18419 4
21280 24562 1
21280 7312 4
21280 17493 1
21280 19943 8
21280 5769 1
21280 7048 2
21280 4236 2
21280 14148 1
21280 7104 1
21280 15792 1
21280 24080 1
21280 3005 1
21280 8911 1
21280 7824 2
21280 19886 1
21280 15091 1
21280 12641 1
21280 19730 7
21280 18921 827
21280 25613 3
17061 5271 1
17061 3130 1
17061 13777 1
17061 11415 252
17061 16778 4
17061 13387 7
17061 24227 1
17061 11298 32
17061 21718 2
17061 15011 3
17061 13989 2
17061 19943 1
17061 1903 2
17061 21280 3
17061 13682 1
17061 1236 4
17061 16740 27
17061 24851 1
17061 18607 2
17061 17487 8
17061 14138 4
10996 6716 2
21718 14157 3
21718 8869 3
21718 3151 4038
21718 920 3
21718 13750 3
13989 17061 1
1894 26506 1
1894 1236 4
1894 17743 1
1894 15039 2
1894 212 1
1894 20767 21
1894 14054 174
1894 12729 32
1894 26019 1
1894 16740 1
1894 14645 1
1894 11976 1
1894 11415 14
2088 11356 7
2088 17141 1
2088 24089 8
2088 24260 10
2088 4329 1
2088 16740 2
2088 27421 1
2088 24377 1
2088 16413 10
2088 305 1
2088 11779 3
2088 20172 5
13682 24562 1
13682 19886 4
13682 3579 17
13682 19730 676
13682 1414 1
13682 16189 2
13682 23056 11
13682 17474 2
13682 17061 1
13682 23004 4
13682 24290 2
13682 13209 4
13682 3005 2
13682 8869 5
13682 18419 1
13682 16749 6
13682 7312 149
13682 25230 1
13682 11026 3
13682 18767 1
13682 6854 3
13682 9482 464
13682 14743 5
13682 21449 1
13682 21532 2
13682 13593 1
13682 9926 2
13682 8347 3
13682 24851 34
13682 25504 1
13682 9831 1
13682 25613 3
13682 11140 1
13682 4492 1
13682 27475 1
13682 1955 4
13682 4637 1
13682 1952 1
13682 14645 1
13682 1894 8
13682 2482 1
13682 7048 1
13682 24080 1
13682 14157 11
13682 7104 5
13682 7549 1
13682 19943 2
13682 11826 4
13682 3850 1
13682 15642 5
13682 16230 1
13682 16424 1
13682 6403 2
13682 17528 1
13682 3604 1
13682 18829 1
21449 18740 3726
21449 9825 6
21449 18415 568
21449 15039 1
21449 27108 1
21449 18593 4
21449 20522 1
21449 12028 4
21449 26615 4
21449 10374 2
21449 131 2
21449 3960 1
16208 20767 26
16208 21144 1
16208 18586 68
16208 23264 7
16208 17036 4
16208 18065 6
16208 20742 4
16208 5396 1
16208 13387 6
16208 9869 1
17487 7700 11
13401 861 6
13401 15039 1
13401 19784 2
13401 3579 67
13401 16208 8
13401 21449 2
13401 17199 1
13401 8911 2
13401 2368 1
13401 7256 1
13401 14743 16
13401 20828 1
13401 25504 2
13401 26019 2
13401 3960 8
13401 21070 1
13401 4762 2
13401 14645 5
13401 16230 10
13401 27282 2
13401 11471 8
13401 23654 3
13401 24896 4
5666 6460 1
11415 9359 2
11415 7104 4
11415 26616 4
11415 8523 1
11415 24659 4
11415 3579 12
11415 24655 8
11415 16208 1
11415 5666 1
11415 26042 6
11415 2438 3
11415 1894 3
11415 17508 2
11415 17061 68
11415 19943 8
11415 25282 1
11415 25504 24
11415 18921 40
11415 4406 1
11415 2642 1
11415 18419 4
11415 16230 8
11415 19986 3
11415 22488 1
11415 11916 2
11415 23906 1
11415 24562 4
11415 7312 14
11415 9604 4
11415 23004 4
11415 23616 4
11415 3850 6
11415 14743 4
11415 12506 20
11415 11241 4
11415 37 7
11415 17858 2
11415 21073 2
11415 8084 5
11415 13989 1
11415 9482 4
11415 6818 4
11415 212 3
11415 24308 12
11415 16778 69
11415 12245 8
11415 20641 1
11415 6515 4
24074 17858 1
2443 3587 1
2443 5666 1
2443 18921 1
18607 18789 1
18607 16230 1
18607 3579 18
18607 17968 2
18607 21139 1
18607 18767 2
18607 19986 2
18607 8620 1
18607 11298 3
18607 1955 1
18607 1894 2
18607 4444 2
18607 23001 1
18607 21083 2600
18607 21532 2
18607 7312 2
18607 26905 2
18607 17061 2
18607 8869 10
18607 920 2
18607 1934 2
18607 15642 1
18607 16740 1
18607 5675 2
18607 4406 1
18607 21449 2
18607 19851 1
18607 16424 1
18607 643 15
18607 15406 2
18607 18763 2
18607 14137 2
18607 7104 2
18607 15639 2
18607 13209 2
18607 81 2
18607 19943 7
23369 14014 24
23369 5431 9
23369 20763 16
23369 19710 2
23369 26571 20
23369 3604 1
23369 21449 1
23369 24554 4
23369 24227 2
23369 16778 10
23369 16855 2
23369 20742 3
14450 24562 12
14450 16230 4
14450 8911 2
14450 18581 4
14450 1828 12
14450 25613 2
14450 18740 6
14450 4866 2
14450 10667 3
14450 4406 6
14450 7104 2
14450 20901 2
14450 20828 10
14450 16749 4
14450 1588 2
14450 7549 12
14450 18829 2
14450 4167 2
14450 13605 2
14450 17955 2
14450 13779 2
14450 21002 6
14450 1253 2
14450 23004 4
14450 3579 43
14450 9256 10
14450 2482 14
14450 3850 12
14450 18419 4
14450 24931 2
14450 25230 5
14450 17199 78
14450 11298 2
14450 25504 48
14450 17999 7
14450 14148 38
14450 6854 6
14450 14743 101
14450 23359 52
27351 15091 1
24227 212 45
24227 14157 1
24227 8084 12
24227 2602 2
24227 21245 20
24227 5744 1
24227 2088 715
24227 25504 1
24227 19403 1
24227 15639 1
24227 5666 5
24227 6787 361
24227 8869 1
24227 22256 2
24227 13387 2
24227 7104 2
24227 11662 4
24227 11764 1
24227 18767 5
24227 16540 1
24227 16778 1
24227 1419 3
24227 9342 1
24227 24422 1
24227 13228 1
24227 13209 1
24227 18763 2
24227 5164 1
1236 18921 4
1236 2211 1
1236 25504 1
1236 17061 1
1236 17858 3
1236 6818 2
1236 8523 1
22380 18921 4
212 9342 14
212 16540 1
212 15047 257
212 6787 257
212 11764 1
212 16690 1
212 15642 6
212 920 2
212 18763 1
212 5666 2
212 11662 2
212 5164 1
212 21245 266
212 1419 10
212 18767 7
212 8084 6
212 15700 1
22440 13779 1
22440 777 1
22440 17556 1
22440 9256 1
22440 16278 1
22440 6403 1
12693 3292 1840
12693 13971 1
12693 18321 1830
12693 11471 92
13826 10732 3
13826 13033 1
13826 3830 8
13826 19031 1
15047 2482 2
15047 8869 4
15047 22256 345
15047 16208 1
15047 10754 11
15047 21718 4038
15047 18789 1
15047 15700 3
15047 15602 1
15047 20341 1
15047 12462 2
15047 12673 4
12455 11471 2
12455 4803 1
21631 10423 2
21631 415 2
3604 7549 1
3604 16169 2
3604 8078 20
3604 22735 1
3604 18940 1
3604 1414 1
3604 8388 4
3604 7256 2
3604 22037 1
3604 25272 1
4803 19005 1
8411 4140 4
8411 19943 2
8411 20522 1
8411 14645 1
8411 2482 11
8411 16690 4
8411 17874 3
8411 11471 3
8411 15639 2
4405 27962 1
4405 23004 1
4405 9344 1801
4405 4762 1
4405 19800 1
4405 18414 1
4405 27311 3
4405 13593 1
4405 12997 1
4405 14743 1
4405 469 3
6515 3791 1
6515 25230 1
6515 18940 8
6515 364 2
6515 20706 1
6515 14311 3
6515 6251 2
6515 14743 1
6515 8983 1
6515 24122 1
6515 469 1
6515 11415 4
6515 19943 1
6515 12936 1
6515 17508 558
3196 17874 2
13387 875 4
13387 1419 8
13387 21245 10
13387 6787 1
13387 8084 3
13387 3145 3
13387 13033 4
8748 12997 1
8748 4492 2
8748 5749 1
8748 10374 3
8748 14657 1
8748 16230 5
8748 15662 2
8748 3604 1
8748 13033 1
8748 25504 1
8748 17199 1
8748 20828 1
8748 3850 1
8748 3960 1
26847 1775 3
26847 10509 1
26847 19532 1
5497 25217 2
12606 3830 3
12606 25004 70
12606 15639 9
12606 13209 14
12606 875 6
12606 8869 41
12606 9482 6
12606 14157 9
12606 20952 4
12606 15047 198
12606 21081 43
12606 24308 1
131 1881 4
131 21265 392
131 13826 4
131 11060 4
131 27689 6
5031 7216 4
6287 4236 1
6287 17985 222
6287 21631 304
6287 10423 17
11000 12807 1
3278 2128 79
3278 26640 36
3278 21718 117
3278 5675 37
3278 13750 2
3278 24802 37
3278 18767 37
3278 18419 144
3278 16554 36
8817 25222 4
8817 12243 6
8817 5920 10
8817 9094 6
8817 13750 2
26937 16375 1
26937 1975 1
26937 21999 2
26937 6283 2
26937 13228 4
26937 14645 6
26937 1844 4
26937 9947 3
9825 7520 3
9825 22810 2008
9825 25840 8
9825 16540 2008
9825 14157 6
19256 26640 1
19256 26285 4
24633 19886 1
15071 22127 13
27321 23442 74
27321 5220 39
27321 2053 18
27321 8534 36
27321 22237 2
27321 12099 39
7536 7939 1
7813 14540 1
7813 9640 1
7813 3151 1
20479 19839 2
11471 16169 2
11471 20759 2
11471 24227 1
11471 3604 1
11471 22037 1
11471 4803 3
11471 18740 24
11471 5497 1
11471 21631 2
11471 17398 5
11471 3960 2
11471 2651 1
11471 12455 19
11867 8869 2
10754 3018 4
23702 3234 2
21073 23206 1
239 20828 5
239 4406 1
239 25504 1
239 27282 1
239 27299 1
239 18740 1
239 27225 1
22685 27355 1
22685 21782 1
15292 25185 1
15292 15883 1
15292 4762 1
15292 23945 1
15292 25230 1
15292 2958 1
15292 25504 1
15292 26847 1
15292 19714 1
15292 16230 1
15292 24907 1
11223 23359 2
11223 1588 1
11223 2368 3
11223 17199 3
11223 14450 6
11223 15883 1
11223 25776 1
11223 1828 2
11223 16424 2
11223 15134 1
11223 25504 12
11223 26040 3
11223 21070 6
11223 1360 9
11223 1554 2
11223 14743 3
11223 7256 2
11223 19986 1
11223 25613 1
11223 20828 1
11223 6403 1
11223 16397 1
11223 21449 1
11223 13320 1
11223 3579 28
11223 12641 1
11223 13124 1
11223 9482 4
11223 239 1
11223 2088 1
11223 4236 1
11223 5061 6
1903 10374 1
1903 1955 2
1903 4492 4
1903 17255 1
1903 9482 1
1903 8748 3
1903 7919 3
1903 5315 5
1903 20952 2
1903 24562 2
1903 1944 5
1903 13033 1
1903 24080 3
3960 1944 1
3960 25504 6
3960 14148 1
3960 20828 4
2689 24080 1
2689 7487 1
2689 6605 1
2689 19843 2
2689 17281 1
2689 2482 1
2689 22603 1
2689 5920 1
2689 18192 1
2689 24322 1
2689 22242 1
2689 17474 2
2689 26615 3
2689 25912 1
2689 24562 2
2689 4444 1
2689 16540 1
2689 1206 1
2689 10298 3
11256 24377 2
13330 23702 8
3833 23106 2
3833 18581 3
3833 7549 2
3833 9256 1
3833 4406 1
3833 16230 1
3833 6854 6
3833 3579 2
3833 17556 1
3833 3005 2
2109 23315 2
6252 26284 1
6252 5588 1
6252 5979 1
6252 15540 1
6252 2977 1
6252 14678 2
6252 3343 1
25435 5588 1
9718 23320 1
9718 3461 20
2128 9032 4
2128 14645 1
2128 25861 1
2128 14540 7
2128 14657 1
2128 7813 1
2128 26847 1
2128 21718 4039
2128 16540 1
2128 5722 2
2128 3151 1
2128 12245 1
2128 15011 5
2128 26615 1
2128 15642 1
2488 239 1
2488 2651 3
1206 6403 1
1206 12807 1
1206 20977 1
1206 27664 5
1206 20952 1
18158 590 1
18788 10447 3
16554 7245 62
16554 26640 7
16554 20481 4
16554 9831 6
23815 6804 13
24260 5061 20
24260 3579 1
24260 17508 1
24260 23004 2
24260 2088 28
24260 1894 2
24260 23369 2
8588 4637 2
8588 12245 759
8588 25613 6
8588 7245 5
8588 6854 1518
8588 21532 3
8588 15792 2
8588 12958 2
8588 4329 2
14054 16105 8
14054 22037 4
14054 15909 4359
26244 23760 21
26244 12096 21
19744 21008 2
5464 25778 4
5464 1730 3
5464 1559 2
25504 11734 1
14743 8748 14
14743 16002 8
14743 18740 2
14743 14054 2
14743 18313 1
14743 16169 39
14743 6251 1
14743 3604 5
14743 14860 1
14743 1399 1
14743 16047 6
14743 15039 3
14743 723 2
14743 17398 1
14743 9259 2
14743 11811 2
14743 19714 2
14743 15292 5
14743 349 1
14743 3960 9
14743 27655 2
14743 22037 4
16230 3960 1
16230 15039 2
16230 19277 6
20706 22685 1
6403 9005 1
6403 1206 1
12743 11143 2
17281 7368 2
17281 16799 2
8084 9863 5
2602 4444 4
2602 992 11
2602 875 2
2602 16778 1
2602 3177 1
2602 24833 4
2602 24227 3
2602 14645 2
2602 23056 3
2602 18829 1
2602 12641 12
2602 24080 1
2602 16625 4
2602 5989 1
2602 6668 1
2602 26616 6
2602 5666 1
2602 7048 2
2602 17493 1
2602 19943 3
2602 7845 1
2602 19892 1
2602 13853 1
2602 10399 2
2602 23369 2
2602 9476 1
2602 27403 3
2602 4492 1
2602 20522 1
2602 15323 1
2602 11854 3
2602 9563 1
2602 9604 1
2602 8084 1
2602 20656 137
2602 920 1
2602 4919 1
2602 21189 41
2602 20353 1
2602 17474 1
2602 12245 1
2602 14157 2
2602 16855 2
2602 13387 2
2602 27689 2
2602 26040 1
2602 8044 1
2602 9256 1
2602 16424 2
2602 16540 11
2602 13209 3
2602 20321 1
2602 24562 1
2602 14657 1
2602 7312 2
2602 11471 3
2602 5441 2
2602 11026 1
2602 21245 1
2602 11764 1
2602 15424 1
2602 19809 24
2602 13826 1
21754 20573 3
21754 14799 1
21754 23621 364
8347 19705 30
27962 21674 94
27962 14973 23
27962 10430 23
27962 6546 1
27962 26416 25
27962 3882 3286
27962 13507 23
27962 10643 5
27962 15610 23
27962 1119 23
27962 11386 1
5061 5451 1565
5061 15400 30
5061 24290 4
5061 6352 18
5061 14450 28
5061 6943 13
5061 11734 1
5061 27034 1
5061 24260 267
5061 24554 38
5061 15799 5
5061 11223 2
5061 25618 129
5061 26677 6
5061 1301 4
5061 24854 3
5061 17972 3
5061 18783 45
5061 13010 7
5061 2689 1
5061 9869 1
5061 19705 60
5061 21254 34
5061 16432 29
5061 15292 1
5061 11026 1
5061 4329 1
5061 7312 2
5061 25691 2
5061 16002 8
5061 25435 1
5061 6692 19
5061 1411 266
5061 17036 109
5061 3733 4
5061 4236 1464
5061 13682 2
5061 17855 1
5061 15091 8
5061 25516 1
5061 6671 15
5061 19881 2
5061 16189 2
5061 18829 2
5061 22517 10
5061 14138 4
5061 15128 1
5061 22252 14
5061 12016 7
5061 23 35
5061 5396 6
5061 7167 1
22810 11659 5
4923 27311 2
4923 13593 6
4923 22603 1
4923 21754 5
16690 27092 3
15593 7587 2
26773 16702 32
26773 13627 4
19698 16570 1
1301 9154 5
1301 18313 1
1301 1881 10
1301 17064 6
1301 20706 1
1301 22830 6
1301 22642 8
1301 1924 1
1301 3020 4
1301 15540 3
1301 25504 1
1301 3789 1
1301 8411 10
1301 1224 1
1301 14743 1
1301 26615 4
1301 19056 8
1301 13515 1
1301 3579 5
17476 24322 1
17874 13033 2
17874 27092 1
17874 13940 1
17874 12194 2
17874 8748 1
15406 5920 1
15406 18740 3725
15406 1924 14
15406 26847 3
15406 13033 1
15406 24322 2
15406 20641 196
15406 11867 3
15406 18593 4
15406 15717 4
15406 20767 1
15406 13982 1
15406 10950 1
15406 10399 2
15406 12542 4
15406 457 4
15406 14423 4
15406 750 4
15406 27108 4
15406 12688 4
15406 14157 4
24989 9947 2
24989 16702 178
24989 13627 1
24989 18740 3
24989 15039 1
24989 24322 1
24989 3020 2
24989 5920 1
24989 21449 1
643 9103 2
4304 19853 2
4304 1844 6
4304 19031 5
4304 10374 2
14283 5061 3
14283 5920 1
11589 750 4
10423 21631 1
10423 6287 7
4866 9653 1
4866 7429 37
15606 19892 1
15606 11628 1
22242 2689 3
23442 5220 1
23480 11471 2
6600 21269 2
6600 2128 1
27689 24322 1
27689 20641 1
27689 19559 3
27689 15101 36
27689 24975 5
27689 12606 4
27689 27034 1
27689 20742 1
27689 19943 7
27689 21449 6
27689 19568 32
27689 4194 1
27689 9947 7
27689 8748 1
18270 20641 1
19559 7904 3
19559 6854 4
19559 11764 2
19559 2482 2
19559 12603 20
19559 6898 42
19559 16690 3
19559 20952 2
19559 16540 2
19559 23369 1
19559 15792 2
19559 2665 11
19559 4866 3
19559 12245 45
19559 26615 4
19559 5769 2
19559 3786 3
19559 11471 2
19559 25230 1
19559 21604 1
19559 27225 3
19559 2689 2
19559 9562 47
19559 3830 7
19559 1597 2
19559 12641 3
19559 14645 3
19559 5431 3
19559 25959 7
19559 17281 3
19559 13228 83
19559 18114 2
19559 13826 1
951 18740 5
951 19892 1
951 13750 1
951 25535 2
951 24080 15
951 13471 4
951 1975 4
951 212 3
951 17724 2
951 16572 1
951 12606 1
951 19986 2
951 23906 2
951 21254 4
951 20454 10
951 17508 2490
951 12583 10
951 15047 14
951 19744 2
951 18921 8
951 21611 11
951 10901 4
951 7964 3
951 11026 2
951 23369 2
951 10667 4
951 13387 3
951 24322 1
951 3018 6
951 13853 1
951 26571 1
951 7104 3
951 1924 4
951 11662 3
951 274 1
951 10241 34
951 11415 1
951 9871 2
951 12949 6
951 12245 1
951 18270 3387
951 21449 2
951 4489 1
951 6352 1
13584 17628 3
22580 9141 4
9401 22642 17959
1253 18921 2
26490 1236 1
26490 11256 70
12695 13209 4
12695 21919 2
12695 6360 5
12695 26285 17
12695 15049 11
2383 22256 1
2383 4444 1
7559 13710 3
20463 24377 1
13472 11152 1374
3091 25664 1
3091 25332 1
9385 17255 1
16959 7520 1
7520 16959 1
12673 99 4
27619 9947 1
22256 27092 1
22256 21245 1
3126 20638 6
24975 8869 3
24975 19895 3
24975 14157 7
24975 16540 15
22594 6427 17
25230 16169 6
25230 8748 1
25230 7312 3
25230 16002 2
25230 3604 1
25230 3960 3
25230 4405 1
25230 15292 2
25230 11298 1
25230 22037 1
25230 13010 1
25230 10298 1
25230 14450 13
23616 1253 1
6317 11652 18
21008 16413 1
21008 22380 2
21008 1134 2
21008 22805 1
21008 5524 1
21008 10583 6
21008 14482 2
21008 723 1
21008 6496 1
21008 23240 1
21008 20479 1
21008 19881 3
21008 13952 2
21008 6317 2
21008 3267 2
21008 6352 2
21008 16682 1
20742 3542 1
20742 920 1
20742 21171 1
18313 16432 1
18313 25504 1
7845 21666 1
7845 24322 5
7845 17743 447
7845 22037 1
7845 3604 1
7845 12743 21
7845 27745 5
7845 5920 2
7845 27040 17
7845 913 1
7845 14585 3
7845 14677 5
19714 25332 1
1828 15039 1
1828 17199 2
9256 16169 12
19784 17141 1
18940 2368 8
18940 2651 4
18940 2467 10
18940 12242 5
18940 8064 15
18940 13469 7
18940 16002 4
18940 7256 2
18940 8388 10
18940 17818 4
18940 19784 5
18940 7216 11
18940 16307 5
18940 13779 13
18940 4244 1
18940 3579 10
18940 25230 1
18940 12305 11
18940 9256 21
18940 22037 16
18940 14743 21
18940 18581 14
18940 9831 7
18940 9529 5
18940 24005 8
18940 8078 10
18940 12936 76
18940 16230 3
18940 13702 5
18940 14148 9
18940 17474 5
18940 21910 1
18940 3604 19
18940 24854 1
18940 7312 12
18940 25504 149
18940 2861 3
18940 4406 11
18940 26227 1
18940 913 4
18940 17255 11
18940 13790 10
13853 20353 1
13853 1471 2
17255 16169 2
17255 26726 1
17556 16169 1
24005 13779 450
24005 13010 1
24005 2651 1
24005 8388 4
24005 8748 1
24005 3960 2
24005 22037 5729
24005 8078 20
24005 3091 1
1944 7904 1
1944 17556 9
1944 20706 13
1944 19784 8
1944 15292 2
1944 1903 5
1944 2482 5
1944 22037 1
1944 4634 1
1944 4405 1
1944 24562 3
1944 23359 2
1944 1035 1
1944 4406 15
1944 14110 2
1944 3579 315
1944 24122 1
1944 11471 9
1944 18581 38
1944 7665 1
1944 13682 1
1944 17413 1
1944 15101 2
1944 4329 1
1944 8588 2
1944 16749 57
1944 777 2
1944 6515 6
1944 13454 1
1944 23004 2
1944 2689 1
1944 182 1
1944 3325 2
1944 15406 2
1944 4492 13
1944 23606 1
1944 25776 2
1944 16391 3
1944 25504 56
1944 4525 2
1944 18829 2
1944 16408 1
1944 24931 1
1944 2590 1
1944 13593 5
1944 21360 4
1944 20828 4
1944 11298 1
1944 15662 1
1944 14148 9
1944 2494 2
1944 17255 5
1944 9256 23
1944 6948 4
1944 24080 1
1944 27484 1
1944 5061 135
1944 3005 2
1944 3850 5
1944 21254 8
1944 27311 1
1944 25664 1
1944 15792 7
1944 11175 1
1944 16208 3
1944 14657 1
1944 18313 1
1944 8983 17
1944 4919 1
1944 19370 2
1944 22386 1
1944 25185 1
1944 8620 1
1944 11223 1
1944 1828 63
1944 1955 26
1944 9947 1
1944 27745 2
1944 27359 1
1944 13779 3
1944 27962 1
1944 951 1
1944 20952 10
1944 7312 57
1944 6854 7
1944 18419 9
1944 8064 3
1944 14678 6
1944 12916 8
1944 681 2
1944 6428 36
1944 5920 6
1944 24005 1
1944 18607 1
1944 2279 1
1944 13033 1
1944 16540 1
1944 7256 3
1944 19943 2
1944 14450 2
1944 18270 1
1944 8748 1
1944 13790 4
1944 5029 1
1944 239 1
1944 24989 7
1944 9640 4
1944 19886 3
1944 16169 6
1944 10374 5
1944 3604 1
1944 24854 2
1944 8347 5
1944 15134 1
1944 16230 47
1944 24844 1
1944 1924 1
1944 1411 2
1944 7086 1
1944 14700 1
1944 4637 1
1944 12305 2
1944 15642 5
1944 21532 11
1944 15039 4
1944 24290 1
1944 26767 1
1944 19986 1
1944 13320 2
1944 15883 3
1944 16278 2
1944 9482 92
1944 12641 6
1944 27689 3
1944 8388 1
1944 3979 2
1944 26616 6
1944 7048 5
1944 23056 3
1944 9014 2
1944 4762 3
1944 6879 1
1944 9529 1
1944 17199 7
1944 21449 3
1944 1894 1
1944 16778 1
1944 4608 1
1944 12761 1
1944 20321 1
1944 4866 1
1944 9746 1
1944 2368 1
1944 18740 1
1944 7549 4
1944 21171 2
1944 16115 1
1944 10727 1
1944 27831 6
1944 16424 1
1944 22580 1
1944 12588 1
1944 17955 8
1944 21002 2
1944 1551 1
1944 20522 1
1944 13228 1
1944 25613 12
1944 24926 1
1944 11812 1
1944 26374 5
1944 17874 1
1944 14157 2
1944 16002 8
1944 19568 1
1944 9187 1
1944 14645 4
1944 1588 1
1944 18767 1
1944 16817 2
1944 8911 8
1944 15606 1
1944 20641 2
1944 889 1
1944 1670 1
1944 469 2
1944 7216 1
1944 21845 1
1944 25230 21
1944 13750 2
1944 18415 2
1944 9604 1
1944 27299 1
1944 13868 3
1944 24322 1
1944 2269 1
1944 17061 7
1944 14743 173
1944 12997 1
1944 15429 1
1944 17476 3
1944 25535 2
1944 7919 6
1944 6403 1
1944 13418 1
1944 13401 1
1944 23855 2
1944 18789 2
8910 10727 1
16355 21581 5
16355 13223 5
4451 18740 5
4451 9188 2
13868 8005 716
13868 20278 1
13868 14450 22
13868 906 179
13868 913 179
13868 7312 1
13868 19826 179
13868 1301 1
13868 1894 1
20278 4225 3
25664 7328 1
22563 21581 2
22563 13223 2
22563 16355 2
11175 13217 1
16047 20638 18
9103 13524 1
16262 16679 1
20522 18414 1
20522 13033 1
20522 1483 1
13327 11652 898
13327 5878 2
1483 24989 4
1483 14743 1
1483 27355 2
1483 3304 15
1483 15662 1
1483 17255 1
1483 26512 2
1483 26905 1
1483 364 2
1483 20522 1
1483 777 16
2114 19031 1
18644 10706 2
17743 7845 703
17743 18192 15
21645 19028 1
23470 13826 1
11359 27831 4
11359 19698 2
11359 12028 2
11359 12641 2
11359 27225 4
11359 2482 2
11359 13209 3
14583 25776 1
14583 7212 1
14583 12936 1
14583 469 1
14583 13115 1
14700 11734 3
11241 23470 2
11241 27831 1
11241 11415 12
11241 24080 2
11241 18733 2
11241 24989 3
11241 12245 6
11241 25504 4
11241 15406 2
11241 11026 20
11241 3579 1
11241 19733 1
11241 16208 1
11241 9653 3
11241 17398 1
11241 24634 9
11241 13033 4
11241 12506 1
11241 7904 2
25535 16169 2
25535 18740 1
25535 2087 5
6328 13908 1
19892 26847 2
19892 16001 2
19892 17398 1
19892 26014 1
19892 19532 1
7256 8078 20
7256 7536 1
7256 16169 2
11140 25840 1
3212 10737 1
20964 17874 1
20964 16690 2
19539 4682 1
19539 9935 1
19539 1730 1
19539 23269 1
22517 3807 8
22517 23269 4
22517 4682 4
16787 3579 1
16787 20767 2
16787 9947 1
16787 19943 1
16787 27743 2
16787 23056 2
16787 16424 3
16787 16778 1
16787 6946 1
16787 12245 1
16787 7312 1
16787 18981 1
16787 22913 1
16787 22223 15
16787 18921 2
16787 18789 1
16787 6243 1
16787 1894 1
16787 24520 8
16787 25230 1
16787 16540 1
16787 7919 1
16787 1730 21
16787 14743 1
16787 4718 1
16787 17281 1
16787 23004 1
6377 18419 3
6377 21070 2
6377 12245 3131
6377 26615 6
6377 21891 1
6377 16540 1
6377 18218 4
6377 12028 2
6377 27484 1
6377 23369 1
6377 1894 67
6377 1844 8
6377 13228 4
6377 27831 1
6377 7312 2
6377 11471 1
6377 27689 1
6377 12641 2
6377 20952 8
6377 16690 1
27000 23609 3
8646 11652 2
27274 12506 2
27274 18309 2
15540 13953 1
15540 21183 1
15540 26677 6
8911 8132 1
19733 26847 1
12855 4194 5
12855 18740 2
12855 18218 5
12855 20952 8
12855 11471 179
12855 12245 2
12855 15406 3
12855 26616 1
12855 12641 33
12855 20901 3
12855 24080 3
12855 2651 2
12855 11026 1
12855 9529 2
12855 25850 1
12855 11241 4
12855 19892 1
12855 23004 1
364 1483 5
13953 24512 1
26677 14700 6
19277 1944 1
19277 4637 2
8005 19826 1
24554 25230 1
24554 23369 6
25291 27311 1
25291 26677 1
20783 16319 2
17502 4963 1
17502 7770 1
17502 24656 1
17502 7198 1
17502 16788 1
17502 2878 1
17502 22059 1
17502 4382 1
17502 6803 1
17502 22499 1
17502 24276 1
17502 10187 1
17502 25713 1
17502 19677 1
17502 17763 1
17502 26128 1
17502 7211 1
17502 20152 1
17502 13618 1
17502 2556 1
17502 1664 1
17502 640 1
17502 27434 1
17502 22879 1
17502 21606 1
17502 6484 1
17502 20428 1
6397 1870 1
6397 6803 1
6397 3647 1
6397 19677 1
6397 16788 1
6397 7211 2
6397 10187 1
6397 2556 1
6397 640 1
6397 2878 1
6397 24276 1
6397 22499 1
6397 13618 2
6397 17763 1
6397 20152 1
6397 19010 2
6397 12452 1
6397 4382 1
6397 22879 1
6397 25713 2
6397 27434 2
6397 21606 1
6397 435 1
6397 24656 1
6397 7770 1
6397 4963 1
6397 20428 1
6397 7198 2
6397 1664 1
6397 22059 1
6397 26128 1
6397 6484 1
6397 13487 1
19677 7211 1
19677 7198 1
19677 435 1
19677 25713 1
19677 27434 1
21138 7211 1
21138 435 1
21138 13618 1
21138 25713 1
21138 27434 1
21138 7198 1
26128 21606 1
26128 7198 1
26128 27434 1
26128 22059 1
26128 20152 1
26128 17763 1
26128 22499 1
26128 24656 1
26128 4382 1
26128 7770 1
26128 24276 1
26128 1664 1
26128 2878 1
26128 20428 1
26128 10187 1
26128 640 1
26128 4963 1
26128 19677 1
26128 22879 1
26128 16788 1
26128 2556 1
26128 6803 1
18349 25713 1
18349 27434 1
18349 21606 1
18349 435 1
18349 7211 1
18349 2878 1
18349 24656 1
18349 1664 1
18349 7198 1
1870 18349 1
1870 21138 1
1870 19677 1
6484 26128 1
25713 27434 1
13487 17502 1
13487 26128 1
12452 26128 1
12452 17502 1
3647 26128 1
3647 17502 1
7211 27434 1
7211 25713 1
13618 18349 1
13618 25713 1
13618 19677 1
13618 27434 1
19010 25713 1
19010 19677 1
19010 18349 1
19010 21138 1
19010 17502 1
19010 27434 1
15128 13169 1
3733 22517 4
3733 4682 4
1307 8727 1
1307 19839 2
7429 9653 1
7429 9640 37
1134 18250 17
1134 27022 2
1134 8220 2
1134 6252 615
1134 27941 1
1134 26381 1
1134 26848 8
1134 3281 3
1134 1519 2
1134 6047 2
1134 23488 2
1134 5989 3
11652 6251 342
19839 20946 2
19839 1636 2
19839 6617 2
19839 8727 2
19839 7700 2
19839 3903 2
5744 15602 1
5744 11915 28
5744 27580 2
5744 6787 3
5744 2017 1
5744 10754 61
15602 6787 1
6787 12462 1
6787 10754 11
6787 3018 1
13313 26587 2
13313 24154 1
13313 3882 1
2053 23442 5
11726 15852 21
11726 2168 1
11726 20759 2
11726 8534 16
11726 27321 57
11726 5220 21
11726 23442 16
11726 2053 4
11726 12099 21
12099 23442 1
8534 23442 6
2168 12099 1
2168 20759 1
2168 8534 1
2168 27321 1
2168 2053 1
15852 2168 1
15852 20759 57
15852 23442 1
17528 2053 4
17528 12099 21
17528 8534 8
17528 23442 1
17528 11726 4
17528 2168 1
17528 5220 144
22805 957 1
13971 20503 530
11976 1894 6
11976 8372 1
11976 3858 1
11976 3072 1
11976 20463 1
11976 3824 8
11976 24377 844
11976 12245 389
11976 20390 12
11976 25535 1
11976 14530 2
11976 18740 4
11976 26005 1
11976 26847 1
11976 15662 1
11976 16424 1
11976 10374 3
11976 16307 1
11976 17508 118
11976 1934 1
11976 20077 61
11976 10727 1
11976 11471 2
11976 19301 2
11976 15540 3
11976 24634 3
11976 161 1
11976 26615 3
11976 19853 78
11976 6898 1
11976 12641 7
11976 17955 1
11976 11256 2
11976 24799 1
11976 9831 3
11976 3281 1
11976 19031 106
11976 383 2185
11976 18763 1
11976 6756 1
11976 11026 1
11976 13228 2
11976 7845 1
11976 12807 5
11976 24080 1
11976 6283 1
11976 25504 1
11976 3081 1
11976 13826 1
11976 21070 1
11976 2482 5
11976 19943 3
21639 16208 2
21639 5061 4
21639 11026 2
21639 20706 2
21639 23004 4
21639 14678 4
21639 22382 3
21639 7549 1
21639 1894 4
13679 11026 8
13679 1868 1
17627 1894 1
4489 1134 1
4489 18740 1
4489 4866 1
15101 9831 1069
15101 1844 1067
15101 18593 1101
15101 26937 5
15101 19943 1
15101 23056 6
15101 22242 8
15101 7048 12
15101 3230 2
15101 10374 12
15101 21171 2
15101 12474 2
15101 15501 2
15101 7904 2
15101 131 4
15101 4919 2
15101 12949 2
15101 2583 2
15101 27689 4
15101 27025 4
15101 25543 2
15101 15662 2
15101 5315 8
15101 13033 6
15101 18740 4
15101 20952 4
15101 772 4
15101 14645 14
15101 12641 8
15101 27124 2
15101 10695 2
15101 1072 4
15101 23470 14
15101 18921 2
15101 15406 2
15101 14157 2
15101 22810 14
15101 23369 4
15101 24080 2
15101 27225 6
15101 13228 6
15101 16690 2
15101 24989 6
15101 22913 42
15101 13209 38
15101 11764 4
15101 16224 2
15101 12245 2
15101 4304 2
15101 18767 6
15101 16540 56
15101 10950 6
15101 2482 12
15101 11471 38
15101 2363 2
15101 1725 2
15101 6600 2
15101 9640 2
15101 9604 24
15101 15182 12
15101 9947 4
15101 19568 2
15101 26773 6
15101 16424 4
15101 16208 4
15101 12807 6
15101 4647 2
15101 1903 8
15101 17476 6
15101 16778 6
15101 7813 2
21666 7845 1
21666 16572 1
21666 14341 1
21666 3305 1
21666 20547 1
21666 1414 1
21666 11046 3
23320 3461 9
19859 23568 7
19859 13829 4
19859 24154 2
19859 17779 49
19859 25468 3
6451 23099 1
14261 3807 1
20503 3292 530
9277 12695 3
9277 24596 1
23963 7036 2
9032 3151 4
538 19892 1
2398 8668 37
17508 24769 7
17508 23422 2
17508 2400 2
17508 17410 1
17508 13749 3
17508 6515 2
17508 27745 7592
17508 9277 1
17508 16001 8
17508 24260 1
17508 23099 2
17508 1271 2
17508 17439 4
17508 23486 1
17508 5431 3
17508 19591 1
17508 12695 65
17508 12606 2668
17508 1483 21
17508 26677 62
20328 6251 539
20328 16933 774
20328 19733 2
20328 3882 1128
20328 23305 2
20328 16570 1488
20328 6451 1
20328 8650 1575
20328 26224 246
20328 25291 339
12353 13515 1
10667 3020 4
19800 18978 8
777 1483 9
777 15292 1
777 16432 1
14148 23812 1
13320 16169 1671
27153 9947 2
6804 1909 4
6804 13726 8
6804 10058 1
6804 9030 4
16424 6879 1
16424 19730 2
16424 9869 2
16424 13863 2
16424 3604 1
16424 12729 16
16424 239 1
16424 12689 1
16424 8748 8
16424 17743 1
16424 12477 2
16424 3081 2
16424 12583 1
3587 3290 2
3587 18143 1
5802 14364 1
24377 11256 2
12603 5431 3
12603 27664 3
17724 18158 1
21919 14102 3
15570 2263 1
15570 25435 1
15570 22685 2
25155 5451 3332
25155 3604 1
25155 18829 4
25155 22037 1
21144 6946 1
11386 27962 8
20724 16105 1
20724 12507 11
20121 19886 4
20454 15047 2
20454 21718 3
20454 19943 9
20454 22256 344
20454 11298 105
20454 20341 1
20454 13387 9
20454 12462 2
20454 24227 1
20454 12673 4
20573 23906 1
3840 27837 24
3840 19840 2
3840 11455 3041
3840 6295 33
3840 7245 7
12305 18940 4108
12305 9259 5
12305 957 6
12305 7245 4
12305 8372 1
12305 17474 19221
12305 25207 11
12305 14743 1
12305 8015 1
12305 11734 1
12305 15792 2
12305 25230 2
12305 12245 1
12305 7939 9
12305 24290 1
12305 3579 3
12305 4444 1
12305 16230 3
12305 24956 4119
12305 24266 4
12305 182 1
12305 18313 1
12305 16817 11
12305 6854 1
12305 18419 1
12305 7256 1
12305 4492 1
12305 16424 1
12305 15036 9
12305 15489 2
12305 3840 2
12305 17199 1
12305 5061 3
12305 11026 1
12305 25618 1
12305 23702 1
12305 27403 1
12305 18581 1
12305 24440 3
12305 16208 1
12305 7312 6302
12305 15662 1
12305 6948 1
12305 16554 1
12305 4866 2
12305 1955 2
12305 23206 1
12305 3979 1
12728 239 1
12728 18099 3
27022 1134 1
18321 20503 530
19853 26689 10
6589 19839 3
6589 1636 3
6589 20946 3
6589 8595 3
6589 8727 3
6589 13321 2
6589 1307 1
6589 20479 3
6589 23604 3
6589 6617 3
6589 7700 3
6589 3903 3
25613 16554 2
25613 15039 123
5029 17972 3
14389 20328 2
4635 13584 1
26587 25781 169
26587 19859 3
26587 10970 169
17855 5029 1
2087 7964 5
13605 15039 1
13605 5061 18
13605 11890 1
13605 11026 2
13605 14645 2
13605 23609 2
13605 21714 2
13605 10982 2
13605 7487 2
13605 25504 4
13605 3960 5
13605 20594 8
13605 4406 2
13605 16639 2
13605 3579 2
13605 20848 1
13605 7845 6
13605 7312 4
13605 3005 4
13605 14743 4
13605 16105 24
13605 6671 2
13605 11471 2
13605 24005 3
13605 27082 2
13605 16749 4
13605 7048 2
13605 19287 2
13605 12648 2
13605 21062 2
182 17307 551
182 16002 2
8064 6283 1
8064 22580 2
8064 4373 1
8064 9256 12
8064 6854 20
8064 26767 2
8064 16169 6
8064 5948 4
8064 16002 2
8064 17855 1
8064 17064 2
8064 3005 2
8064 5061 47
8064 11026 5
8064 2482 2
8064 14743 2
8064 14311 4
8064 18313 14
8064 1338 4
8064 25230 10
8064 16778 2
8064 2467 2
8064 10056 2
8064 2216 2
8064 23001 2
8064 24005 1
8064 16749 3
8064 22735 2
8064 11175 8
8064 26227 62
8064 18419 2
8064 1726 4
8064 1828 4
8064 17398 1
8064 12916 2
8064 14346 2
8064 777 6
8064 3579 4
8064 17628 4
8064 9529 4
8064 17556 4
8064 15406 2
8064 18179 1
21910 14145 1
19710 5920 1
17858 18150 11
13593 13682 1
13593 15292 2
13593 4923 2
13593 19568 1
13593 27034 1
13593 3020 2
13593 6515 1
13593 16169 2
13593 15039 1
26616 19568 2
26616 8976 1
26616 22237 9
26616 20443 3
26616 12819 527
26616 27278 2
26616 17493 1714
26616 9277 3
26616 21437 2
26616 20641 348
26616 4194 1516
26616 18733 2
26616 14585 2
26616 12606 33
26616 2383 9
26616 14110 2
26616 12194 2
26616 1483 21
26616 6287 2
26616 8112 1
26616 19949 249
26616 14868 1
26616 889 2
26616 1162 1
26616 24282 4
26616 10706 1
26616 16778 33
26616 212 1
26616 2128 2280
26616 20767 16
26616 18607 4
26616 22642 337
26616 26056 1
26616 6183 2
26616 4429 5
26616 22913 1
26616 23428 2
26616 27153 3
26616 11415 4
26616 18951 2
26616 19807 4
26616 20742 2939
26616 12693 1842
26616 4212 2
26616 16740 1
26616 24139 2
26616 7245 1
26616 19943 142
26616 14138 3
26616 24926 4
26616 9817 3
26616 14675 1
26616 15593 3
26616 1236 1
22756 18921 1
22756 23616 1
18150 18921 1
18150 17061 2
11939 16740 2
15940 10155 1
15940 5396 1
8439 3290 2
8439 13826 1
9014 543 1
9014 3125 12
25684 8952 1
25684 25781 1
25684 12322 65
25684 26587 1
25684 19859 3
25684 10970 4
20247 14463 13
25158 19005 9
25158 9718 1
25158 19881 2
25158 12922 1
25158 4451 2
25158 12693 2684
25158 5169 1
25158 26726 185
25158 7023 4568
23855 14713 1
3304 20638 3
3304 19705 10
2190 7450 1
13750 15011 10
13750 1471 2
2665 3772 5
9206 16230 3
9206 12245 3
9206 21008 92
9206 3579 5
9206 17777 5
9206 16208 22
16922 24421 2
23760 25663 1
12997 26616 4
12997 13593 28
12997 22928 1
12997 14743 1
12997 12245 1
12997 16208 1
12997 17955 1
12997 7312 1
12997 12916 1
12997 1483 1
12997 12936 1
12819 7549 1
12819 27962 277
12819 19800 2
12819 27311 1
1251 16740 12
3824 11256 4
3824 20463 1
24016 24139 1
24016 3471 2
420 5061 30
420 4033 2
420 11471 4
420 21420 2
420 35 2
420 12507 1
420 11652 903
420 14311 1
420 26416 2
420 21020 1
420 11026 3
420 13605 1
420 15128 1
420 8051 4
420 12245 5
11143 12743 1
3562 3807 1
8441 12507 2
4527 12958 1
6772 17439 3
17439 19248 3
19301 1836 2
19301 9188 12
19301 10732 2
19301 2211 2
19301 22653 84
19301 1414 2
19301 14942 2
19301 27333 2
19301 24916 2
19301 6756 13
19301 24377 2
19301 1952 6
1836 12641 1
1836 5670 7
22653 7534 25
22653 4451 2
22653 4512 1
19881 20328 2
21374 23568 1
12922 17281 1
12922 20328 1
22672 2216 1
22672 20927 1
14916 6158 1
27375 23760 8
27375 12096 8
11210 23760 1
18309 23628 2
18309 14512 2
18309 12506 2
18309 6660 2
9359 6015 2
9359 23628 2
9359 12506 2
9359 14512 2
9359 6660 2
9359 18309 2
9359 27274 2
8595 23604 3
8595 1307 1
8595 3903 3
8595 1636 3
8595 8727 3
8595 20479 3
8595 20946 3
8595 7700 3
8595 19839 3
8595 6617 3
25282 20454 1418
25282 11026 1
25282 13209 1
25282 22913 2
25282 19943 14
25282 14645 1
25282 18419 4
25282 21718 2
25282 15047 2837
25282 13387 1
25282 8869 5
25282 875 1423
25282 19853 2
25282 17777 6
19178 24080 15
14164 20641 4
19287 24554 251
19287 2192 1
19287 1526 3
19287 16261 3
19287 4451 1
19287 14153 1
19287 26303 1
19287 4902 6
19287 8064 4
19287 5031 53
19287 20172 5
19287 25282 3
19287 27000 1
19287 19559 2
19287 543 1
19287 19591 2
19287 24854 1
19287 18099 4
19287 6352 1
19287 2498 97
18414 20522 1
18414 27702 1
19792 14700 2
19792 16208 2
6283 4635 2
16639 12016 5
16639 1399 1
24139 13023 1
24139 2655 1
15799 21008 1
6428 21254 1
6428 20936 1
6428 25230 2
6428 21826 1
6428 16002 3
6428 16749 3
6428 25535 1
6428 18921 3
6428 19568 1
6428 469 9
6428 20706 120
6428 951 1
6428 13593 3
6428 23004 29
6428 16230 4
6428 8983 1
6428 18270 1
6428 9831 1
6428 8347 1
6428 9482 65
6428 23359 1
6428 7312 1
6428 5061 8
6428 16208 2
6428 25155 2
6428 17556 3
6428 3579 150
6428 8911 6
6428 19161 2
6428 6879 2
6428 5749 10
6428 15406 2
6428 24931 1
6428 11026 4
6428 24562 2
6428 21171 2
6428 18319 1
6428 17243 1
6428 18581 6
6428 1894 1
6428 1828 3
6428 16922 1
6428 14148 2
6428 27311 3
6428 12588 1
6428 7549 6
6428 2583 1
6428 5857 1
6428 12997 12
6428 18025 5
6428 25504 1
6428 7976 1
6428 21002 3
6428 2088 2
6428 2578 1
6428 3005 1
6428 24854 1
6428 22533 1
6428 14678 6
6428 1955 1
6428 17199 3
6428 25946 1
6428 3850 92
6428 6515 24
6428 1944 4
6428 12761 2
6428 20641 2
6428 24080 1
6428 19414 3
6428 13682 1
6428 14743 14
6428 9529 1
6428 14657 1
6428 23689 1
6428 14700 1
6428 23369 3
6428 25295 1
6428 24691 1
6428 18740 1
6428 6854 4
6428 15047 1
14799 6384 1
23621 21754 12
21360 2488 2
21360 16778 10
21360 11026 15
21360 14157 2
21360 19161 4
21360 26616 5
21360 13593 51
21360 12305 4
21360 11764 2
21360 11846 5
21360 15540 2
21360 16230 2
21360 13088 2
21360 15606 2
21360 25535 2
21360 14346 2
21360 8911 2
21360 23906 18
21360 18581 5
21360 3978 1
21360 10695 2
21360 21171 4
21360 3850 2
21360 10667 2
21360 21254 10
21360 24440 2
21360 18789 15
21360 19986 4
21360 5749 1
21360 18921 1
21360 11809 2
21360 16208 4
21360 7104 4
21360 3579 2
21360 11471 39
21360 27689 2
21360 25230 4
21360 2088 1064
21360 18158 2
27512 16208 1
17262 11026 32
17262 5061 177
17262 20706 21
17262 20927 6
17262 18419 2
17262 14743 2
17262 14311 2
17262 1828 6
17262 8911 3
17262 23396 17
17262 17476 9
17262 16749 3
17262 3579 5
17262 21002 2
17262 16115 3
17262 14110 3
17262 23004 7
17262 14700 3
17262 21826 3
17262 21639 2
24361 13313 1
23883 17262 19
7023 6943 1
22386 1134 1
22386 13779 3
22386 13868 1
22386 25504 19
22386 26767 1
22386 3579 1
22386 8064 1
22386 14743 29
22386 18419 5
23916 14346 98
23916 14657 1
20046 25535 1
20046 12245 194
26883 11696 6
26883 15570 22
26883 16208 7
26883 14743 1
26883 23004 2
26883 21002 4
26883 11026 35
26883 15540 1
26883 21008 5
26883 18601 1
26883 17281 1
26883 2578 1
18398 3818 2
18398 11026 24
18398 11471 2
3491 19886 4
12681 14645 2
12681 6283 3
12681 7048 3
12681 21999 3
12681 2482 9
12681 2087 4
12681 12194 1
12681 12455 1
10230 5497 2
15156 1993 2
15156 24157 1
16408 4444 4
16408 19943 1
16408 16740 2
16408 16817 1
16408 9831 6
16408 20641 1
16408 16540 2
16408 21083 16
16408 18607 1
16408 21280 1
16408 16208 1
16408 16230 1
16408 18789 2
16408 21360 4
16408 18921 2
16408 12305 4
16408 19730 3
16408 17474 1
16408 8015 5
16408 4406 1
16408 7939 3
16408 21532 2
16408 16778 2
16408 12525 2
16391 12728 13
16391 9529 11
16391 15792 3
16391 25504 12
16391 21635 3
16391 20641 3
16391 14743 2
16391 7312 14
16391 18419 3
16391 3579 12
16391 3471 2
16391 23056 3
16391 1014 4494
16391 16749 3
16391 23369 6
16391 15036 2
16391 12305 3
16391 13779 13
16391 25272 1
16391 7549 3
16391 23396 3
16391 4762 9
16391 1224 13
16391 19840 8
20391 17391 6
19809 20656 24
14364 18072 1
14364 13033 1
20966 13593 2
20966 6515 2
20966 18419 2
20966 11026 2
2336 6804 38
9037 6660 2
9037 14512 2
9037 6015 2
9037 27274 2
9037 23628 2
9037 18309 2
9037 12506 2
9037 9359 2
5524 3267 3181
6015 18309 2
6015 6660 2
6015 27274 2
6015 14512 2
6015 23628 2
10469 13584 3
14637 5061 61057
14637 12178 2
14637 16227 2
14637 8064 62
14637 26227 281
14637 13790 14
14637 13605 3
14637 2368 1
14637 182 13
14637 4637 2
14637 15429 4
1993 1096 1
17706 3818 1
17706 9831 4
1411 3579 4
1411 20706 1
1411 14148 1
1411 3833 795
1411 5061 3
10191 22813 1
992 9563 8
20571 17343 4
20571 6287 4
20571 17985 4
20571 21631 305
20571 24769 4
25778 19414 1
15356 6441 696
1162 7587 3
27007 12886 2
27912 27436 59
27912 11026 4
22330 10509 2
22330 7939 4
22330 12728 2
8976 14675 1
11628 26040 1
5792 26616 6
5792 21666 10
9191 17796 2
9191 21635 1
9191 25272 1
4926 4322 4
4926 22580 1
26726 17255 1
26726 13454 2
26726 12958 1
26726 13401 1
15323 6668 3
7755 14157 1
24129 8051 1
16138 26616 1
16138 20724 11
16138 8533 1
21375 25379 3
9860 2088 4
23 12619 15
23 15545 15
14677 25222 3
10399 18218 1
11040 22517 5
11040 4682 5
7362 9935 3
4634 20641 1
13217 11175 1
13217 21008 4
13217 17508 1064
13217 16208 1
24595 16086 1
24595 11026 1
24595 951 1
24595 16690 2
24595 2689 2
24595 12641 1
24595 5315 3
24595 2482 4
24595 19892 1
24595 2211 2
24595 9947 2
24595 16540 3
24595 14645 12
24595 20952 3
24595 17874 1
24595 11764 2
24595 20828 1
24595 4884 2
24595 12028 1
24595 27225 1
20848 13605 44
13712 11026 11
13712 16778 6
13712 15570 303
1041 9094 9
14032 1559 6
14032 7179 1
14032 2578 1
14032 11093 8
14032 21020 1
14032 23004 1
14032 21919 1343
14032 1134 1
14032 19477 6
14032 6384 13
14032 21008 3
14032 25328 1
14032 1894 2
14032 14743 1
14032 7845 54
15835 14949 2
24109 19559 2
24109 9562 1
24109 25959 1
24422 12462 2
24422 6787 4
305 27906 1
4312 23760 1
12506 14512 2
12506 6660 2
14827 10263 1
11793 11026 1
11793 2578 2
11793 13313 2
11793 24154 2582
27731 6776 1
27731 15540 1
27731 11650 2
27731 2689 1
27731 5052 1
27731 25155 2
14482 10667 5
6136 18419 1
6136 19853 1
6136 6854 1
6136 19031 1
6136 11471 1
6136 9256 1
6136 14657 1
6136 25504 1
19307 11809 24
19307 12743 4
19307 11471 4
19307 17476 1
19307 12641 5
19307 5061 2
19307 16424 1
19307 14540 79
19307 24122 1
19307 5765 6
19307 23369 3
19307 16208 26
19307 5052 1
19307 12245 1
6141 20641 1
6141 18581 2
6141 19840 6
6141 16778 2
6141 1597 2
6141 16391 4
6141 19287 1010
6141 22505 1014
6141 3840 16
6141 9831 12
6141 11026 9
6141 17487 2
6141 4406 2
6141 20479 2
23039 13313 1
15298 18250 2
17343 6287 222
13494 2368 5
6626 22913 13
6626 16778 3
27382 14610 4
27382 7845 9
27382 11026 171
27382 22594 1627
27382 13720 1
27382 18740 4
27382 17281 1
11189 12245 1
11189 1206 1
2095 11026 6
1167 18940 2
1167 7216 1
1167 8134 2
1167 13248 6
3461 9718 6
3461 23320 3
20276 5710 1
20276 16208 8
23604 19839 2
23604 13321 2
13321 7700 2
13321 3903 2
13321 1307 2
13321 20946 2
13321 6617 2
13321 19839 2
13321 20479 2
13321 1636 2
13321 8727 2
1673 11305 1
1673 19744 1
11696 9838 1570
4548 6397 1
4548 26128 1
4548 17502 1
14053 17502 1
14053 26128 1
14053 6397 1
6218 1955 3
4019 15196 2
14861 9817 6
19295 22642 5
21162 18349 1
21162 6397 1
21162 22944 1
21162 17502 1
21162 26128 1
22944 4382 1
22944 3647 1
22944 16788 1
22944 24276 1
22944 10187 1
22944 20152 1
22944 7211 2
22944 7198 2
22944 22879 1
22944 17763 1
22944 1664 1
22944 2878 1
22944 20428 1
22944 13487 1
22944 2556 1
22944 640 1
22944 27434 2
22944 14053 1
22944 435 1
22944 6484 1
22944 13618 2
22944 25713 2
22944 19010 2
22944 19677 1
22944 22499 1
22944 24656 1
22944 4548 1
22944 1870 1
22944 4963 1
22944 7770 1
22944 22059 1
22944 21606 1
22944 26128 1
22944 12452 1
22944 6803 1
22964 6397 1
22964 22944 1
22964 17502 1
22964 26128 1
18605 15091 3
16182 16547 1
24669 20239 2
18281 12028 1
18281 14657 1
18281 7312 1
18281 10374 1
18281 20641 1
18281 19892 1
18281 9259 2
18281 22913 7
18281 16778 1
18281 2263 2
219 16547 1
24520 16787 3
10600 14564 4
3526 7328 1
1450 18601 2
6466 26128 1
6466 6397 1
6466 17502 1
6466 22944 1
7887 9825 6
7887 18593 10
